// Instance de test realiste

// Caracteristique de la Turbine-Pompe, puissance en MW
P_T_min : 200.0;
P_T_max : 300.0;
P_P_min : -150.0;
P_P_max : -200.0;
alpha_T : 4.41;
alpha_P : 5.444444444444445;
c_AT : -1000.0;
c_TA : -1000.0;
c_AP : -1000.0;
c_PA : -1000.0;

// Caracteristique des reservoirs, distance en m
Hauteur : 100.0;
Longeur : 1000.0;
Largeur : 1000.0;
H_0_sup : 0.0;
H_0_inf : 100.0;
Delta_H : 500.0;

// Prix horaire de l'electricite en €/MWh
c_t : [24.61039727228942, 11.765168193524518, 19.778090997032717, 19.23674429247074, 18.971967824566253, 23.9542468644906, 15.555346115156187, 25.199216556275932, 34.38489003849776, 48.40828023300459, 47.72111574353888, 34.440032042501784, 47.67757118472867, 38.78931174181946, 37.857528823434976, 49.89464004783943, 47.63001596926427, 35.662978787646985, 34.95650740270447, 41.87128558442696, 40.23697569911299, 11.544150279029617, 10.80320547148203, 23.661351751373132, 19.01468142086959, 17.0910429138776, 16.036876879286623, 12.50868025847111, 16.994838592453046, 23.846363313909414, 14.050434745409031, 10.682140684779862, 33.86595999018493, 34.646701215099256, 30.768858295853963, 43.6808591978185, 41.663536397524936, 46.66903846491252, 42.35051804853866, 43.01168838239665, 35.47692798714722, 44.055908461963824, 49.984386490725036, 39.51364997357572, 31.832292303588673, 27.158387843628063, 21.210024446341016, 19.864229835337433, 36.72724277327512, 23.65875708044204, 20.56611914093564, 23.687579575573224, 37.734363192789544, 23.182337815526378, 38.87727304431735, 73.1896389042941, 50.314183038428155, 72.96129431687461, 40.1764582456799, 63.28269765155224, 48.86935662702547, 59.29853325180772, 66.31585999927944, 57.83474152531468, 48.45269762547448, 50.595685140995506, 63.33810753812451, 80.80010276886048, 88.85228772253909, 11.3774717961834, 11.652176171095377, 26.68228628092464, 39.76105376644141, 35.463035530268364, 23.808622796383084, 20.554308211024242, 21.232488541430254, 22.23612802450979, 36.19856465785307, 56.61543503635744, 82.28677290798986, 80.51309702268374, 64.94654959330637, 50.83253908577851, 43.594277096014515, 48.09720565358758, 44.386557906978055, 67.6240933258306, 56.03975435926759, 67.05758304962703, 67.7859010083209, 70.38064272168393, 73.50832370394687, 29.395713848992287, 27.283891058809537, 28.155338777553137, 31.074124615959107, 39.399609803674544, 26.766474643179407, 25.749686837875394, 38.6846821599596, 29.789207743643225, 24.08079263896919, 88.28531368393985, 78.89988302589373, 57.56026873783958, 54.37167024459136, 68.59180772412353, 63.427635469672765, 56.79972819757766, 46.99502654919601, 60.60730859311337, 59.00396566619843, 64.96555148582124, 75.88982651437533, 53.92911363293048, 73.86523485559854, 25.188264519521006, 23.569131513218817, 18.137849458055292, 29.029323039886123, 20.68496866550875, 34.635361969331946, 32.235439345707206, 35.86886750241683, 21.245018367927344, 27.50976697612893, 63.5999008803754, 81.51573582100824, 67.02461705111389, 67.9760368975997, 55.46554917640374, 49.17291723841619, 44.73661835018459, 61.87966525745712, 57.58306639819409, 49.533467395562674, 55.01338754144281, 85.62441850431338, 78.9882546523766, 89.38702281996046, 18.02155949772823, 26.626729705951945, 20.082994667014717, 21.938422476665806, 22.74510383240102, 20.308276251812607, 20.665543270967706, 27.791402563106317, 30.15772796124686, 22.53336512929659, 67.53250368291208, 81.44033392729851, 60.74927660522486, 55.85584432001488, 66.24570162298201, 64.27263467959784, 50.80967411984184, 63.303453972203584, 68.91976099793624, 47.16649414514221, 80.65887800388103, 89.74640762643891, 76.40866301656965, 73.73590161549764, 20.659328602417446, 12.233966705789467, 11.588697670823905];

// Prix horaire de la regulation en €/MWh
r_t : [10.0, 10.0, 10.0, 10.0, 10.0, 10.0, 10.0, 10.0, 10.0, 10.0, 10.0, 10.0, 10.0, 10.0, 10.0, 10.0, 10.0, 10.0, 10.0, 10.0, 10.0, 10.0, 10.0, 10.0, 10.0, 10.0, 10.0, 10.0, 10.0, 10.0, 10.0, 10.0, 10.0, 10.0, 10.0, 10.0, 10.0, 10.0, 10.0, 10.0, 10.0, 10.0, 10.0, 10.0, 10.0, 10.0, 10.0, 10.0, 10.0, 10.0, 10.0, 10.0, 10.0, 10.0, 10.0, 50.0, 50.0, 50.0, 40.0, 40.0, 40.0, 40.0, 40.0, 40.0, 40.0, 50.0, 50.0, 50.0, 50.0, 10.0, 10.0, 10.0, 10.0, 10.0, 10.0, 10.0, 10.0, 10.0, 10.0, 50.0, 50.0, 50.0, 40.0, 40.0, 40.0, 40.0, 40.0, 40.0, 40.0, 50.0, 50.0, 50.0, 50.0, 10.0, 10.0, 10.0, 10.0, 10.0, 10.0, 10.0, 10.0, 10.0, 10.0, 50.0, 50.0, 50.0, 40.0, 40.0, 40.0, 40.0, 40.0, 40.0, 40.0, 50.0, 50.0, 50.0, 50.0, 10.0, 10.0, 10.0, 10.0, 10.0, 10.0, 10.0, 10.0, 10.0, 10.0, 50.0, 50.0, 50.0, 40.0, 40.0, 40.0, 40.0, 40.0, 40.0, 40.0, 50.0, 50.0, 50.0, 50.0, 10.0, 10.0, 10.0, 10.0, 10.0, 10.0, 10.0, 10.0, 10.0, 10.0, 50.0, 50.0, 50.0, 40.0, 40.0, 40.0, 40.0, 40.0, 40.0, 40.0, 50.0, 50.0, 50.0, 50.0, 10.0, 10.0, 10.0];