// Instance de test realiste
// Caracteristique de la Turbine-Pompe, puissance en MW

P_T_min : 200.0;
P_T_max : 300.0;
P_P_min : -150.0;
P_P_max : -200.0;
alpha_T : 4.41;
alpha_P : 5.444444444444445;
c_AT : -1000.0;
c_TA : -1000.0;
c_AP : -1000.0;
c_PA : -1000.0;

// Caracteristique des reservoirs, distance en m
Hauteur : 100.0;
Longeur : 1000.0;
Largeur : 1000.0;
H_0_sup : 0.0;
H_0_inf : 100.0;
Delta_H : 500.0;

// Prix horaire de l'electricite en ?/MWh
c_t : [24.61935574753314, 14.810728313429717, 22.748348507002163, 21.00874010235268, 21.950905555944036, 16.664367989532995, 17.70378369481437, 29.69683080399618, 47.5836503574496, 48.82498358964229, 35.4990793207097, 32.57794301747553, 32.932033152930366, 30.46476244967779, 40.93479514396931, 49.289737213537, 32.08981372501943, 42.502927269311186, 38.215923909821235, 45.52624582549865, 49.81445571429566, 19.744656940602855, 24.92482810644661, 24.663041403899875, 26.34594142818649, 26.777807000940367, 20.533988692097324, 27.98670023222987, 12.678796811737845, 11.661247964498298, 29.571486802956805, 24.447142383776974, 44.300620277009486, 32.86440770601194, 39.25915636844846, 30.089712043657705, 31.429966297597883, 36.96840459583329, 36.77539307071507, 47.18713102709296, 49.430939777034254, 47.314917604280765, 42.25162209419736, 33.579759690576346, 34.35140824419372, 27.089743340845814, 10.193469946019487, 23.845860139058665, 35.42625932341359, 34.253748562913785, 24.224707498597922, 35.661849795343585, 38.90666477919258, 20.284727102073358, 27.88407105554662, 84.15163101232291, 81.44169803258211, 89.73887820023256, 66.49313217944437, 45.108745907431114, 68.86206754622616, 61.72885100736606, 60.32062483749623, 64.13186251673906, 53.24280321027375, 68.48351961143977, 84.11309866397843, 70.0733940082294, 89.67771921640868, 29.38539819880832, 17.062121443582363, 10.945317383922589, 21.43247246835601, 20.582150254432715, 29.673403802102, 39.4390024190749, 39.78234301502811, 35.3488420603098, 30.027947020244596, 60.22101243585774, 62.36632748992751, 83.9312200108937, 41.5625361452195, 40.30526363608688, 50.615589091261356, 42.602135654971825, 65.50934545792917, 40.11030707067101, 49.236795029034184, 71.26434224995191, 86.75256807354293, 61.08840104274846, 84.97048841132778, 22.19763027025527, 28.172784193934717, 10.8898124031359, 32.93447802077779, 29.936075272453124, 30.134031919057055, 30.41377639785899, 27.32721489027992, 29.552738235138428, 34.07939410685269, 62.910711929728855, 50.46619353106191, 78.04155752729619, 62.36058581174653, 58.21864745687853, 47.05245177592498, 51.67129550660886, 67.34405085528957, 45.02167265753221, 40.117405918516624, 60.595833098098865, 85.71267828624741, 61.902730596431255, 67.1561791731895, 23.751032763677276, 18.16992869402052, 17.061049988864394, 33.43517134999074, 34.808343603387655, 37.88870449012686, 31.599155665373345, 30.215109598965196, 26.23939473867583, 30.8045880834284, 88.92430604699838, 74.54550410109036, 51.08676247475546, 60.670525436240254, 58.90867827868614, 64.53512518255157, 62.23355039303423, 58.94290242195637, 49.44677045526866, 62.51054913834843, 57.6087894503449, 54.900053100190064, 78.53155984141573, 87.32172528426153, 16.222175535267915, 20.59065551224976, 13.579558890364163, 22.277640492753264, 33.678826629361225, 27.585000639680345, 31.848580852485174, 38.81218530434239, 30.68291069379054, 24.283893889456827, 63.34918708738337, 60.02144705954562, 79.42161459924515, 42.73439685777781, 47.93642153458972, 45.66004773308776, 48.93284145460156, 62.75412639865473, 41.39764087245726, 42.58205703694911, 85.68894786082133, 71.38555046386172, 53.425692758547235, 71.25410182778907, 11.467811219505275, 13.535380949359809, 27.669555507443977];
// Prix horaire de la regulation en ?/MWh
r_t : [10.0, 10.0, 10.0, 10.0, 10.0, 10.0, 10.0, 10.0, 10.0, 10.0, 10.0, 10.0, 10.0, 10.0, 10.0, 10.0, 10.0, 10.0, 10.0, 10.0, 10.0, 10.0, 10.0, 10.0, 10.0, 10.0, 10.0, 10.0, 10.0, 10.0, 10.0, 10.0, 10.0, 10.0, 10.0, 10.0, 10.0, 10.0, 10.0, 10.0, 10.0, 10.0, 10.0, 10.0, 10.0, 10.0, 10.0, 10.0, 10.0, 10.0, 10.0, 10.0, 10.0, 10.0, 10.0, 50.0, 50.0, 50.0, 40.0, 40.0, 40.0, 40.0, 40.0, 40.0, 40.0, 50.0, 50.0, 50.0, 50.0, 10.0, 10.0, 10.0, 10.0, 10.0, 10.0, 10.0, 10.0, 10.0, 10.0, 50.0, 50.0, 50.0, 40.0, 40.0, 40.0, 40.0, 40.0, 40.0, 40.0, 50.0, 50.0, 50.0, 50.0, 10.0, 10.0, 10.0, 10.0, 10.0, 10.0, 10.0, 10.0, 10.0, 10.0, 50.0, 50.0, 50.0, 40.0, 40.0, 40.0, 40.0, 40.0, 40.0, 40.0, 50.0, 50.0, 50.0, 50.0, 10.0, 10.0, 10.0, 10.0, 10.0, 10.0, 10.0, 10.0, 10.0, 10.0, 50.0, 50.0, 50.0, 40.0, 40.0, 40.0, 40.0, 40.0, 40.0, 40.0, 50.0, 50.0, 50.0, 50.0, 10.0, 10.0, 10.0, 10.0, 10.0, 10.0, 10.0, 10.0, 10.0, 10.0, 50.0, 50.0, 50.0, 40.0, 40.0, 40.0, 40.0, 40.0, 40.0, 40.0, 50.0, 50.0, 50.0, 50.0, 10.0, 10.0, 10.0];