// Instance de test realiste

// Caracteristique de la Turbine-Pompe, puissance en MW
P_T_min : 200.0;
P_T_max : 300.0;
P_P_min : -150.0;
P_P_max : -200.0;
alpha_T : 4.41;
alpha_P : 5.444444444444445;
c_AT : -1000.0;
c_TA : -1000.0;
c_AP : -1000.0;
c_PA : -1000.0;

// Caracteristique des reservoirs, distance en m
Hauteur : 100.0;
Longeur : 1000.0;
Largeur : 1000.0;
H_0_sup : 0.0;
H_0_inf : 100.0;
Delta_H : 500.0;

// Prix horaire de l'electricite en €/MWh
c_t : [24.617563814065818, 18.201616229844035, 14.154296826194342, 16.654341119190224, 29.355118188482415, 10.122343645315226, 29.274095940464154, 28.797307775638195, 48.943898353263876, 48.7416429779194, 37.94348684369411, 36.9503605840622, 35.88114064008074, 40.1296725465247, 32.31934176065315, 45.410717601583556, 43.1978541738684, 33.134937811396924, 37.564040906421106, 32.795253658075026, 43.898959592049835, 26.104555429474274, 10.10050351984905, 20.46270311576666, 24.87968972474633, 12.840454064318523, 19.63456603151196, 20.89109617787347, 21.542005227485532, 14.09827091517123, 22.467276212633315, 13.694141805558973, 30.213688219644578, 33.22086646743404, 33.561096932743496, 40.80794129567593, 49.476680198374005, 34.908531071625916, 37.89041812588444, 34.35204249815369, 38.64013759787078, 34.66311589502667, 47.79817503310754, 30.76653786638551, 41.847584877258775, 23.103472062588327, 12.396780846083793, 23.049534137919064, 39.68645601338589, 24.13475014721015, 27.492990005879403, 29.266995751389516, 26.672204223493395, 28.864249006345382, 30.082711334091478, 89.95923259071715, 75.21619455691416, 86.38336142356097, 55.22979748209844, 54.74353616684838, 52.86352536238602, 49.24278745625439, 61.519672048666806, 68.87243778201238, 46.284782003906926, 56.90595283656021, 71.95810067722623, 72.21873528351847, 73.51263315605334, 25.783813156701918, 23.98013244868961, 14.09271104411371, 25.098189025996312, 35.55832719039056, 24.500447720167507, 39.66206369667406, 36.07237212030854, 36.72629895512657, 23.262070547766292, 75.49989719437626, 50.35041669274926, 75.24759553246099, 46.239339371278675, 66.41071854721127, 61.21132678161896, 61.70114938647407, 55.28478759011108, 69.61306414288899, 44.597386984487834, 78.42299100593337, 82.95923501812639, 54.94684914011697, 74.6780554698516, 19.637247105211962, 11.995005626514326, 22.342917797228637, 20.562407459023344, 31.828782119092764, 21.460520404276878, 21.480958545466915, 33.5987084038205, 25.600032315653323, 32.079673753671344, 83.98563228057105, 64.15293131081899, 73.94529953098629, 48.76280234068763, 66.29327959973449, 62.32748860408151, 52.69698186598868, 51.27424626229176, 48.13879975524148, 61.894717868052986, 85.46977689485263, 51.74810793187299, 68.3080073229404, 84.49799019046202, 28.038479114846023, 11.249769198255535, 25.276409763493284, 28.55400162836517, 39.98366861581187, 21.238036045572525, 31.726412639858697, 31.3458614180741, 33.24051922610755, 38.14562380236386, 59.859425252092365, 59.939550683492506, 78.27433339002715, 50.13162781791911, 58.22005236882269, 49.462683593724485, 40.734163895057335, 53.53025507846348, 51.074029465039814, 53.91513278979128, 57.08970847251804, 77.04492618101472, 78.62289939965436, 79.73478491061061, 28.58205220855069, 21.797870589408777, 22.880245747671047, 22.209797068349708, 35.492082189178475, 26.1296557621068, 37.61197339578632, 32.608028815699825, 38.577874266491094, 23.93378801821549, 80.18584981044268, 56.30522455230548, 51.687147358068955, 51.35868626081826, 63.598277373454245, 61.382565032982804, 43.30820834527748, 62.863992092178435, 40.902065076366995, 49.49894436918076, 76.68293412785184, 67.05772189637716, 66.02228645252384, 79.75046190454007, 17.306114755692352, 25.27509798143645, 16.453383820910673];

// Prix horaire de la regulation en €/MWh
r_t : [10.0, 10.0, 10.0, 10.0, 10.0, 10.0, 10.0, 10.0, 10.0, 10.0, 10.0, 10.0, 10.0, 10.0, 10.0, 10.0, 10.0, 10.0, 10.0, 10.0, 10.0, 10.0, 10.0, 10.0, 10.0, 10.0, 10.0, 10.0, 10.0, 10.0, 10.0, 10.0, 10.0, 10.0, 10.0, 10.0, 10.0, 10.0, 10.0, 10.0, 10.0, 10.0, 10.0, 10.0, 10.0, 10.0, 10.0, 10.0, 10.0, 10.0, 10.0, 10.0, 10.0, 10.0, 10.0, 50.0, 50.0, 50.0, 40.0, 40.0, 40.0, 40.0, 40.0, 40.0, 40.0, 50.0, 50.0, 50.0, 50.0, 10.0, 10.0, 10.0, 10.0, 10.0, 10.0, 10.0, 10.0, 10.0, 10.0, 50.0, 50.0, 50.0, 40.0, 40.0, 40.0, 40.0, 40.0, 40.0, 40.0, 50.0, 50.0, 50.0, 50.0, 10.0, 10.0, 10.0, 10.0, 10.0, 10.0, 10.0, 10.0, 10.0, 10.0, 50.0, 50.0, 50.0, 40.0, 40.0, 40.0, 40.0, 40.0, 40.0, 40.0, 50.0, 50.0, 50.0, 50.0, 10.0, 10.0, 10.0, 10.0, 10.0, 10.0, 10.0, 10.0, 10.0, 10.0, 50.0, 50.0, 50.0, 40.0, 40.0, 40.0, 40.0, 40.0, 40.0, 40.0, 50.0, 50.0, 50.0, 50.0, 10.0, 10.0, 10.0, 10.0, 10.0, 10.0, 10.0, 10.0, 10.0, 10.0, 50.0, 50.0, 50.0, 40.0, 40.0, 40.0, 40.0, 40.0, 40.0, 40.0, 50.0, 50.0, 50.0, 50.0, 10.0, 10.0, 10.0];