// Instance de test realiste

// Caracteristique de la Turbine-Pompe, puissance en MW
P_T_min : 200.0;
P_T_max : 300.0;
P_P_min : -150.0;
P_P_max : -200.0;
alpha_T : 4.41;
alpha_P : 5.444444444444445;
c_AT : -1000.0;
c_TA : -1000.0;
c_AP : -1000.0;
c_PA : -1000.0;

// Caracteristique des reservoirs, distance en m
Hauteur : 100.0;
Longeur : 1000.0;
Largeur : 1000.0;
H_0_sup : 0.0;
H_0_inf : 100.0;
Delta_H : 500.0;

// Prix horaire de l'electricite en €/MWh
c_t : [24.622938720398118, 28.028952480601088, 19.936451868617816, 29.71753866472403, 27.142480886913727, 29.74841667796853, 14.563158607468354, 11.495876562688924, 44.863154365821046, 48.99166540913453, 30.610264572764088, 43.83310758627897, 47.0338178806064, 31.134942852030413, 38.165701910601626, 37.04777584139745, 49.8737328273215, 41.23890678118616, 39.51969081069116, 30.98822956429946, 41.64544736274085, 27.024859366813573, 14.573476683595285, 13.063717384119863, 29.27844572913647, 14.652512874184051, 22.332833119198376, 22.17790804291944, 14.952379980242476, 26.787201765129208, 23.77990768558056, 25.95314294416653, 32.47448439173931, 32.15149048119094, 30.655275835904835, 48.653252943574806, 35.33653849604564, 41.08815075017837, 34.545342960376345, 32.857308084971486, 31.012544433384427, 32.618521320812185, 31.158516216377002, 39.20620393500447, 39.35905468004038, 15.062285897360784, 25.78684784786765, 25.43851243936109, 26.905865645445754, 34.491745394321065, 37.68814308008142, 28.451557883251734, 23.375585294544507, 23.125682697482862, 23.486790200433685, 72.53642785553444, 53.8927037918251, 56.44991234962219, 59.01980202117106, 55.8391653885966, 40.85915191390643, 56.7009781095894, 57.922530862189916, 54.650710645087926, 67.1588456230074, 51.6386543532918, 68.42309523352928, 65.78271086160484, 82.00789193316581, 16.58856887906758, 23.22609943336787, 24.6505294674939, 34.10104024714508, 30.629796382517036, 20.019316263994217, 38.99288016189981, 27.202284804467254, 32.5939276746298, 23.55969996520121, 69.66324351486715, 86.39814968033043, 61.298469563805554, 62.20893148124049, 48.0943538138381, 59.424113710546166, 64.40410729789765, 55.958460299495684, 41.104792479200206, 58.51561156516172, 56.947045930081856, 54.33923537646889, 73.37150425196498, 65.55535429428014, 27.31839689836511, 20.52834162679872, 27.983601912973654, 37.67861944230991, 26.150661579173843, 27.481054948617402, 28.27941240066636, 34.78422816122198, 37.45815067015509, 38.07883481321538, 60.760870631998, 63.09271797154777, 86.23407292386953, 59.556151412759824, 42.069383618201435, 46.50237811961193, 49.61992234081437, 69.48366004128519, 68.78741801507884, 56.562781572409065, 50.847946100637785, 73.64181899499624, 89.09217833550589, 72.47255654259801, 15.176140359363009, 12.010247387527265, 20.630330439606617, 23.197510793241875, 24.457693578539217, 31.190041379235538, 31.344642610472313, 27.953606258770606, 32.23714516776593, 36.12251634753425, 67.05406823285685, 63.75741153233249, 76.71162064421209, 51.74832067288255, 60.285930098413026, 64.68000791317088, 45.23232294195318, 69.76819755597697, 46.192251988691524, 49.70138228249757, 58.64695021390574, 50.61030634249428, 78.34888251307783, 62.495606627609845, 11.502421890679145, 18.176226252001403, 14.978184579703942, 22.413327639583606, 30.052315807749956, 30.49569039482744, 20.321796063906095, 31.220498579650766, 34.89298414443588, 24.9841056319395, 69.67585985312544, 67.45389267007232, 54.89055027369042, 55.48581805169692, 46.61270940982583, 44.21501313329765, 60.182108567319375, 62.534395458642166, 42.38879291167264, 58.74828147841613, 63.700975922806734, 80.04120759883085, 68.23250417850112, 54.26138167428707, 19.791204445154342, 10.055946587183298, 10.101898582487363];

// Prix horaire de la regulation en €/MWh
r_t : [10.0, 10.0, 10.0, 10.0, 10.0, 10.0, 10.0, 10.0, 10.0, 10.0, 10.0, 10.0, 10.0, 10.0, 10.0, 10.0, 10.0, 10.0, 10.0, 10.0, 10.0, 10.0, 10.0, 10.0, 10.0, 10.0, 10.0, 10.0, 10.0, 10.0, 10.0, 10.0, 10.0, 10.0, 10.0, 10.0, 10.0, 10.0, 10.0, 10.0, 10.0, 10.0, 10.0, 10.0, 10.0, 10.0, 10.0, 10.0, 10.0, 10.0, 10.0, 10.0, 10.0, 10.0, 10.0, 50.0, 50.0, 50.0, 40.0, 40.0, 40.0, 40.0, 40.0, 40.0, 40.0, 50.0, 50.0, 50.0, 50.0, 10.0, 10.0, 10.0, 10.0, 10.0, 10.0, 10.0, 10.0, 10.0, 10.0, 50.0, 50.0, 50.0, 40.0, 40.0, 40.0, 40.0, 40.0, 40.0, 40.0, 50.0, 50.0, 50.0, 50.0, 10.0, 10.0, 10.0, 10.0, 10.0, 10.0, 10.0, 10.0, 10.0, 10.0, 50.0, 50.0, 50.0, 40.0, 40.0, 40.0, 40.0, 40.0, 40.0, 40.0, 50.0, 50.0, 50.0, 50.0, 10.0, 10.0, 10.0, 10.0, 10.0, 10.0, 10.0, 10.0, 10.0, 10.0, 50.0, 50.0, 50.0, 40.0, 40.0, 40.0, 40.0, 40.0, 40.0, 40.0, 50.0, 50.0, 50.0, 50.0, 10.0, 10.0, 10.0, 10.0, 10.0, 10.0, 10.0, 10.0, 10.0, 10.0, 50.0, 50.0, 50.0, 40.0, 40.0, 40.0, 40.0, 40.0, 40.0, 40.0, 50.0, 50.0, 50.0, 50.0, 10.0, 10.0, 10.0];