// Instance de test realiste

// Caracteristique de la Turbine-Pompe, puissance en MW
P_T_min : 200.0;
P_T_max : 300.0;
P_P_min : -150.0;
P_P_max : -200.0;
alpha_T : 4.41;
alpha_P : 5.444444444444445;
c_AT : -1000.0;
c_TA : -1000.0;
c_AP : -1000.0;
c_PA : -1000.0;

// Caracteristique des reservoirs, distance en m
Hauteur : 100.0;
Longeur : 1000.0;
Largeur : 1000.0;
H_0_sup : 0.0;
H_0_inf : 100.0;
Delta_H : 500.0;

// Prix horaire de l'electricite en ?/MWh
c_t : [24.62114738297724, 11.419840695038628, 11.342400187809991, 25.363139681561577, 14.546693221428882, 23.206392333750763, 26.13347115114136, 10.596353534330941, 46.22340236163532, 48.90832449938841, 33.05467209574851, 48.20552515286564, 49.98292536775677, 40.7998526508541, 49.55024852728547, 33.168756527467224, 40.981773276170465, 31.870917323271893, 38.86780721124459, 38.257237694899054, 35.72995153851826, 13.384758153708214, 19.74915239502095, 28.863379095986645, 27.812193429649867, 20.71515993756221, 21.433411054659466, 15.08230398856304, 23.81558839599016, 29.22422471580214, 16.67569709525707, 15.200142663971752, 38.3875523343744, 32.50794924261305, 44.957216102176645, 39.371482493616256, 33.383252098798536, 39.02827752399422, 35.66036801554571, 40.02221955603222, 40.221741956197725, 39.96671931353487, 36.705069155287184, 36.3929818127904, 46.855231313105435, 11.076014619103297, 27.99015904595518, 24.64218643822149, 31.16606233541806, 24.372746680594197, 20.956425587362894, 22.056704137320885, 31.141125036868544, 31.70520489977811, 25.685430478978542, 78.34402943392867, 87.66720091220361, 53.094395572950596, 47.75646732382513, 65.47395564801386, 54.860609730066294, 44.2149141114429, 59.12157762632566, 59.39128635739608, 60.20082441664057, 80.06108757841224, 56.268096650730634, 67.9280521368939, 65.84280527676401, 12.98698353893795, 10.144110438475117, 27.797923425708245, 37.76675620873893, 25.605973318474877, 34.84636018205972, 39.215941141475746, 23.492314207770907, 33.97138456944658, 36.79382379074613, 84.94212827338566, 74.3822388831522, 52.6148444893264, 66.88573381322999, 44.19980872496249, 40.01985140090376, 53.50312102939991, 45.73390287871243, 40.60754955141819, 53.876203073580534, 64.10569468606333, 50.54590112895946, 67.22995234933349, 55.26292135280396, 24.7580137333218, 24.35056305937833, 19.436707009043165, 25.30654888055546, 28.043368425813483, 38.807543433837225, 39.34659425025106, 21.055721376739342, 33.505444452646756, 36.079114460034035, 81.83579098284021, 76.77945575130484, 82.13781492755965, 45.95836883577059, 50.14401531402257, 61.77741494776846, 50.645609147229024, 53.413855895322214, 41.90454511278811, 48.34009396898026, 75.7218893013451, 79.67724804457538, 55.497453869922126, 89.81436815591698, 19.463586710531754, 25.09008789176228, 28.845690214235503, 38.31634107161631, 29.633018590963438, 34.539372934681204, 31.471898988911214, 29.08435807787951, 39.238269655197655, 23.46355206646971, 77.9891868419044, 89.15145811473465, 63.899191559483775, 41.209423054561405, 59.597304188549586, 49.6075663243438, 53.73293689101112, 64.35555021248409, 47.819510998462675, 41.10596593394042, 58.12786983212532, 72.75517942331895, 78.44022147527, 54.90866625395891, 23.862298563961915, 19.383441031137195, 24.278871735034052, 22.345483917156823, 31.86557106954398, 29.040345517253893, 26.085188607207247, 25.01634209100819, 22.787947419113205, 24.63400005872139, 86.51252376827763, 63.737670162832195, 67.15608184042134, 64.11010745473737, 62.274565695725194, 59.937530433192705, 54.55747501096047, 62.64426115216587, 41.89321711558237, 65.66516925768262, 54.69496159379081, 75.71337843529983, 80.82909846852417, 62.757742347084516, 25.629507683318195, 21.79566361925994, 18.88572719397728];

// Prix horaire de la regulation en ?/MWh
r_t : [10.0, 10.0, 10.0, 10.0, 10.0, 10.0, 10.0, 10.0, 10.0, 10.0, 10.0, 10.0, 10.0, 10.0, 10.0, 10.0, 10.0, 10.0, 10.0, 10.0, 10.0, 10.0, 10.0, 10.0, 10.0, 10.0, 10.0, 10.0, 10.0, 10.0, 10.0, 10.0, 10.0, 10.0, 10.0, 10.0, 10.0, 10.0, 10.0, 10.0, 10.0, 10.0, 10.0, 10.0, 10.0, 10.0, 10.0, 10.0, 10.0, 10.0, 10.0, 10.0, 10.0, 10.0, 10.0, 50.0, 50.0, 50.0, 40.0, 40.0, 40.0, 40.0, 40.0, 40.0, 40.0, 50.0, 50.0, 50.0, 50.0, 10.0, 10.0, 10.0, 10.0, 10.0, 10.0, 10.0, 10.0, 10.0, 10.0, 50.0, 50.0, 50.0, 40.0, 40.0, 40.0, 40.0, 40.0, 40.0, 40.0, 50.0, 50.0, 50.0, 50.0, 10.0, 10.0, 10.0, 10.0, 10.0, 10.0, 10.0, 10.0, 10.0, 10.0, 50.0, 50.0, 50.0, 40.0, 40.0, 40.0, 40.0, 40.0, 40.0, 40.0, 50.0, 50.0, 50.0, 50.0, 10.0, 10.0, 10.0, 10.0, 10.0, 10.0, 10.0, 10.0, 10.0, 10.0, 50.0, 50.0, 50.0, 40.0, 40.0, 40.0, 40.0, 40.0, 40.0, 40.0, 50.0, 50.0, 50.0, 50.0, 10.0, 10.0, 10.0, 10.0, 10.0, 10.0, 10.0, 10.0, 10.0, 10.0, 50.0, 50.0, 50.0, 40.0, 40.0, 40.0, 40.0, 40.0, 40.0, 40.0, 50.0, 50.0, 50.0, 50.0, 10.0, 10.0, 10.0];