// Instance de test realiste

// Caracteristique de la Turbine-Pompe, puissance en MW
P_T_min : 200.0;
P_T_max : 300.0;
P_P_min : -150.0;
P_P_max : -200.0;
alpha_T : 4.41;
alpha_P : 5.444444444444445;
c_AT : -1000.0;
c_TA : -1000.0;
c_AP : -1000.0;
c_PA : -1000.0;

// Caracteristique des reservoirs, distance en m
Hauteur : 100.0;
Longeur : 1000.0;
Largeur : 1000.0;
H_0_sup : 0.0;
H_0_inf : 100.0;
Delta_H : 500.0;

// Prix horaire de l'electricite en €/MWh
c_t : [24.615772476644942, 21.59250414625835, 25.560245741432965, 12.299941838004546, 16.75933052299757, 23.580319301097457, 20.844408782160386, 27.897784747280213, 30.304146349078152, 48.6583023661965, 40.38789377063208, 41.32277874669532, 38.83024812723111, 49.79458234534839, 43.703888377336995, 41.53169828765333, 34.30589462271737, 43.76694775743621, 36.91215730697453, 40.064261788674614, 37.983463469804015, 12.464453918345693, 15.27617893325149, 16.26236542367989, 23.41343742525973, 18.903101425719903, 18.735143966973045, 13.795492123517077, 10.405213345209992, 16.53529416386739, 15.363065622309826, 22.94114182338742, 36.12675616227967, 33.577325228856154, 47.86303719901531, 31.526170845717377, 47.523394099150124, 32.84865784544176, 39.005442883030575, 41.516953969214434, 47.849334822660865, 42.011313887749345, 33.34472797201772, 47.95331574417145, 49.343761808347054, 19.11720108235407, 14.600091746148099, 22.253208136779463, 23.946652703358204, 34.015752029529736, 30.761272215137655, 22.872141707435443, 34.437744263840656, 37.44377120864063, 32.28135191065956, 55.76683416911139, 68.99069167729266, 83.02784464688938, 43.96646278475252, 64.37832687330047, 66.86498273151105, 66.75672390514274, 62.71871881280255, 43.61301394135538, 69.3267607975401, 85.32838606168065, 59.80310209442757, 74.3640777509004, 57.34754649965155, 22.182227816572286, 10.898143453796859, 17.240105002328054, 28.76390498759017, 30.534504424371622, 39.32749134020979, 39.885124676249994, 32.36240122558897, 38.103756445989795, 36.49619407528799, 50.77878135684833, 78.33450589557103, 66.56397045798184, 50.91614170326818, 62.51617390537049, 41.80706447197655, 50.80016356501116, 45.06023016932782, 69.11582121510698, 69.95797893994148, 85.58163916586841, 79.1659013666634, 88.80529723748549, 64.38562252837542, 17.076863940168657, 15.817227059093934, 13.79602289329815, 28.190336599245676, 33.7214889657324, 32.787008889496704, 32.54814039505162, 39.87020191736108, 21.64732609814499, 30.079953400489998, 65.06055263141326, 77.83966909057605, 69.84904213072284, 65.16501931666356, 44.367911742590465, 47.60252543223803, 53.72266822536851, 65.2044412222591, 51.2559264059159, 53.67202981758935, 70.34372069160639, 57.78353757749857, 74.71328404944953, 61.83980120773454, 12.325925466014766, 24.32960970249055, 13.491769836145398, 23.672832204762827, 25.158993628236097, 24.587367302994963, 31.8536690182976, 32.47661264113656, 20.241644309585723, 25.48665952129932, 70.7945438611399, 85.33359666984822, 65.46190430529883, 69.59273019959797, 57.531426458959245, 64.39024200489742, 49.234777397080435, 48.11760728793577, 52.701288474810966, 45.31971644123413, 56.57062868678406, 59.18979926183938, 78.71423836184653, 72.14784394091325, 20.941929179856686, 23.00508536854457, 12.180933201024384, 22.14195334592293, 37.3053374509725, 24.674310884533252, 23.375365939087477, 26.403872327057254, 26.472837839191644, 23.58368244499738, 57.02251372559486, 52.58900204506536, 63.95267952084632, 59.982976110893546, 49.26013321231877, 47.105082332877856, 67.68357478891858, 62.97385778570214, 40.40648883324189, 56.41583214844725, 67.67691979883591, 62.72989273284615, 78.6188807425469, 88.24682198129108, 23.144418291879433, 17.014815311536317, 25.237212432400593];

// Prix horaire de la regulation en €/MWh
r_t : [10.0, 10.0, 10.0, 10.0, 10.0, 10.0, 10.0, 10.0, 10.0, 10.0, 10.0, 10.0, 10.0, 10.0, 10.0, 10.0, 10.0, 10.0, 10.0, 10.0, 10.0, 10.0, 10.0, 10.0, 10.0, 10.0, 10.0, 10.0, 10.0, 10.0, 10.0, 10.0, 10.0, 10.0, 10.0, 10.0, 10.0, 10.0, 10.0, 10.0, 10.0, 10.0, 10.0, 10.0, 10.0, 10.0, 10.0, 10.0, 10.0, 10.0, 10.0, 10.0, 10.0, 10.0, 10.0, 50.0, 50.0, 50.0, 40.0, 40.0, 40.0, 40.0, 40.0, 40.0, 40.0, 50.0, 50.0, 50.0, 50.0, 10.0, 10.0, 10.0, 10.0, 10.0, 10.0, 10.0, 10.0, 10.0, 10.0, 50.0, 50.0, 50.0, 40.0, 40.0, 40.0, 40.0, 40.0, 40.0, 40.0, 50.0, 50.0, 50.0, 50.0, 10.0, 10.0, 10.0, 10.0, 10.0, 10.0, 10.0, 10.0, 10.0, 10.0, 50.0, 50.0, 50.0, 40.0, 40.0, 40.0, 40.0, 40.0, 40.0, 40.0, 50.0, 50.0, 50.0, 50.0, 10.0, 10.0, 10.0, 10.0, 10.0, 10.0, 10.0, 10.0, 10.0, 10.0, 50.0, 50.0, 50.0, 40.0, 40.0, 40.0, 40.0, 40.0, 40.0, 40.0, 50.0, 50.0, 50.0, 50.0, 10.0, 10.0, 10.0, 10.0, 10.0, 10.0, 10.0, 10.0, 10.0, 10.0, 50.0, 50.0, 50.0, 40.0, 40.0, 40.0, 40.0, 40.0, 40.0, 40.0, 50.0, 50.0, 50.0, 50.0, 10.0, 10.0, 10.0];