// Instance de test realiste

// Caracteristique de la Turbine-Pompe, puissance en MW
P_T_min : 200.0;
P_T_max : 300.0;
P_P_min : -150.0;
P_P_max : -200.0;
alpha_T : 4.41;
alpha_P : 5.444444444444445;
c_AT : -1000.0;
c_TA : -1000.0;
c_AP : -1000.0;
c_PA : -1000.0;

// Caracteristique des reservoirs, distance en m
Hauteur : 100.0;
Longeur : 1000.0;
Largeur : 1000.0;
H_0_sup : 0.0;
H_0_inf : 100.0;
Delta_H : 500.0;

// Prix horaire de l'electricite en ?/MWh
c_t : [24.613980841200842, 24.983392062672664, 16.96619406062514, 27.945542854842095, 24.163543155535944, 17.038295552926137, 12.41472102781017, 26.99826201694545, 31.66439434489243, 48.57496145645038, 42.83230099559327, 45.69519661130522, 41.779355912404704, 39.45949214417208, 35.08843529204407, 37.65267867569988, 45.413935071566335, 34.39895829952195, 36.2602743035744, 47.33326962125099, 32.06796764558142, 18.824352705240333, 20.45185464467715, 12.06202773159312, 21.94718542379635, 24.96574848909806, 17.835721604410903, 26.699888367183902, 19.268421760957676, 18.972317114540324, 28.258855628032784, 12.188141543192641, 42.03982440293798, 33.93378399027826, 42.16497776331034, 42.2444000977356, 45.57010799992624, 30.78878491728083, 40.12046793819994, 48.681865440275175, 37.05853264349739, 49.35951217849525, 38.89128061290468, 45.140093919980615, 36.83993873943533, 15.130929804096585, 16.80340234818918, 21.456881837616635, 28.20684939333051, 23.896753613826093, 34.029554722419135, 36.47728766348137, 22.20328370814147, 26.023293708959102, 34.47999218920442, 61.57443634355208, 62.765189393717606, 79.67232787021779, 62.7031280874066, 44.01311713271773, 50.866440547670905, 54.27066035403106, 63.91776602397312, 48.353590100698376, 62.36873959117328, 73.75081869075464, 87.64810410767538, 76.50941962223592, 81.18246043929621, 18.580642476442655, 17.81615416088088, 20.3874989605424, 32.42962124720725, 25.51068136032946, 34.154535258275295, 20.10818595384915, 28.652430330869397, 39.481213638829786, 29.730317304786457, 66.05766611536686, 66.31859450234634, 57.88034597954914, 55.59294403525769, 58.62162881649488, 52.402802162334154, 69.89917729651341, 64.83567274854457, 68.6185787343598, 65.31857044836029, 52.74028672975698, 75.37256831124687, 82.66374533485401, 54.093189586899236, 14.516480775125352, 19.639448491673544, 25.249128287390885, 35.81826603749123, 35.61419581237204, 24.113497672739754, 23.61532254265954, 26.14169513287844, 37.69462017865988, 28.080233047308653, 86.13547298225546, 51.526407466379574, 65.75278413441293, 51.56723629263949, 52.442543885446426, 62.877562260394555, 54.74835503178317, 49.13463618222647, 54.37305395066, 45.44934132009087, 55.21766389231371, 63.8189678191706, 81.11856077595866, 79.18161222500706, 16.613371817183513, 17.40945050474879, 21.707129610774288, 38.791662185114035, 30.334318640660314, 27.936698858440625, 31.980925992782954, 33.60736446024546, 27.242768797017447, 32.82769524023478, 81.72966247018744, 70.72764325225037, 52.64947522057052, 59.05383258127682, 56.8428005490958, 49.31780041607034, 57.735391346138385, 42.70496039147773, 54.32854748458212, 66.72430009267698, 56.0515477089572, 81.33467234266405, 78.80557672799225, 64.56090356726233, 13.301806151162683, 24.212300445703583, 21.481620356354494, 22.074109623496145, 39.11859301078975, 23.218966006959704, 29.138758184365404, 20.19971554039146, 34.36780111386898, 23.233576573756043, 73.8591770447006, 88.87277953782521, 76.21821168362368, 68.60726551393398, 64.92198949821812, 62.827600079807745, 62.05894123255966, 63.08372303219101, 69.91091303715162, 63.332719480678904, 58.670905469819985, 58.402064761408035, 51.21547503256998, 56.74318146199563, 28.98272182806651, 28.754532343612958, 14.02104074586729];

// Prix horaire de la regulation en ?/MWh
r_t : [10.0, 10.0, 10.0, 10.0, 10.0, 10.0, 10.0, 10.0, 10.0, 10.0, 10.0, 10.0, 10.0, 10.0, 10.0, 10.0, 10.0, 10.0, 10.0, 10.0, 10.0, 10.0, 10.0, 10.0, 10.0, 10.0, 10.0, 10.0, 10.0, 10.0, 10.0, 10.0, 10.0, 10.0, 10.0, 10.0, 10.0, 10.0, 10.0, 10.0, 10.0, 10.0, 10.0, 10.0, 10.0, 10.0, 10.0, 10.0, 10.0, 10.0, 10.0, 10.0, 10.0, 10.0, 10.0, 50.0, 50.0, 50.0, 40.0, 40.0, 40.0, 40.0, 40.0, 40.0, 40.0, 50.0, 50.0, 50.0, 50.0, 10.0, 10.0, 10.0, 10.0, 10.0, 10.0, 10.0, 10.0, 10.0, 10.0, 50.0, 50.0, 50.0, 40.0, 40.0, 40.0, 40.0, 40.0, 40.0, 40.0, 50.0, 50.0, 50.0, 50.0, 10.0, 10.0, 10.0, 10.0, 10.0, 10.0, 10.0, 10.0, 10.0, 10.0, 50.0, 50.0, 50.0, 40.0, 40.0, 40.0, 40.0, 40.0, 40.0, 40.0, 50.0, 50.0, 50.0, 50.0, 10.0, 10.0, 10.0, 10.0, 10.0, 10.0, 10.0, 10.0, 10.0, 10.0, 50.0, 50.0, 50.0, 40.0, 40.0, 40.0, 40.0, 40.0, 40.0, 40.0, 50.0, 50.0, 50.0, 50.0, 10.0, 10.0, 10.0, 10.0, 10.0, 10.0, 10.0, 10.0, 10.0, 10.0, 50.0, 50.0, 50.0, 40.0, 40.0, 40.0, 40.0, 40.0, 40.0, 40.0, 50.0, 50.0, 50.0, 50.0, 10.0, 10.0, 10.0];