// Instance de test realiste

// Caracteristique de la Turbine-Pompe, puissance en MW
P_T_min : 200.0;
P_T_max : 300.0;
P_P_min : -150.0;
P_P_max : -200.0;
alpha_T : 4.41;
alpha_P : 5.444444444444445;
c_AT : -1000.0;
c_TA : -1000.0;
c_AP : -1000.0;
c_PA : -1000.0;

// Caracteristique des reservoirs, distance en m
Hauteur : 100.0;
Longeur : 1000.0;
Largeur : 1000.0;
H_0_sup : 0.0;
H_0_inf : 100.0;
Delta_H : 500.0;

// Prix horaire de l'electricite en ?/MWh
c_t : [24.605022663980343, 21.937831644744236, 13.995935954609243, 26.173546448913708, 21.18460512613494, 24.32817383183729, 10.266283746175212, 22.500647769225203, 38.465633727917364, 48.15825780178946, 35.054337418422456, 47.557285636331464, 36.52489394420301, 47.78404173433697, 32.0111686734865, 38.25758151000231, 40.954137315811174, 47.55900951983453, 33.00085779645764, 43.678309082156076, 42.490487630398746, 10.623846341690319, 26.3302323077358, 11.060337483019929, 14.615925416479453, 15.27898410401207, 13.338609791600204, 11.221868691448368, 23.584463541672875, 11.157432761974661, 12.737803272461786, 18.423139844195532, 31.605163818090205, 35.716076903319134, 33.67467969071584, 35.8355472518964, 35.80367809985329, 40.489418786360055, 45.69559291602353, 44.50642309360208, 43.10452085361035, 46.10050303617831, 46.62404500943235, 31.073984202979982, 34.320822798830285, 15.199574008855608, 27.819956848510714, 17.475251533895406, 29.50783314121527, 33.30176213135435, 30.370966066733622, 24.503017443711002, 21.030982419761656, 28.920904124388898, 25.473194177975145, 50.61244423552327, 71.63767380351722, 62.894743390813396, 66.38645415364213, 62.18706932387369, 60.873729628470215, 51.84034259847271, 69.91300118575633, 42.05646910927399, 57.57863400637401, 55.862983028217464, 66.87311298182145, 87.23612778682055, 80.35702894542662, 20.572715775794514, 12.406209186417117, 16.12446785754445, 30.758202843315864, 20.39156663616511, 28.289754252556378, 21.223491447775263, 30.10257585727154, 26.368499901053006, 35.900934942394926, 62.45208871586655, 86.23903992040869, 54.462222991339175, 48.97695703630972, 69.14890337211683, 45.381490167087314, 45.394247742164, 43.71288564462828, 66.13236543655422, 42.12153022562854, 88.53352752943209, 56.40590124602485, 51.95598760983594, 82.6310242834719, 21.714564055839144, 18.750555058525144, 22.514654959831343, 33.95791233464932, 25.077730343593466, 20.745940396862107, 38.95123298267595, 37.49916240255811, 37.93108968716468, 38.08163157942515, 71.51007414042002, 79.96009696121138, 85.27149594100277, 43.57832117251916, 62.81570415269142, 49.25274595414234, 59.876787275717135, 58.78561187613291, 69.95868988624116, 64.33590106777268, 59.58738228003608, 53.99611545125207, 73.14494321641143, 85.89066850346255, 18.050602976980795, 22.80865362197031, 22.783929079965187, 34.38581387500942, 36.21094400080463, 24.68335603962249, 32.61720967311682, 39.26112206567389, 22.24839242626896, 29.532874132935312, 56.405257303564454, 77.69787497216824, 68.58733039297539, 66.35934404263627, 53.39967189384824, 63.95559247193496, 40.238458856253914, 45.6417223329088, 62.46484342750754, 53.74721834989123, 53.456145800055104, 72.05903715074092, 79.26227034686022, 66.6262005069148, 15.101190113623, 10.248374341382542, 27.985055834981825, 21.734891607408684, 28.184869915806317, 35.942241619091966, 37.95572030482471, 29.178932501132152, 33.84261808330207, 21.483047813595807, 78.04249423627576, 70.29166580953166, 57.5458736896034, 51.72871297617107, 53.23126958661042, 51.440186579283, 63.93577389779995, 63.63305015870502, 67.43303271559576, 67.91715703590684, 53.64083561287969, 76.76292192398522, 74.19844588663884, 59.224981249704186, 18.174238912955456, 27.453118398065843, 17.94018290924722];

// Prix horaire de la regulation en ?/MWh
r_t : [10.0, 10.0, 10.0, 10.0, 10.0, 10.0, 10.0, 10.0, 10.0, 10.0, 10.0, 10.0, 10.0, 10.0, 10.0, 10.0, 10.0, 10.0, 10.0, 10.0, 10.0, 10.0, 10.0, 10.0, 10.0, 10.0, 10.0, 10.0, 10.0, 10.0, 10.0, 10.0, 10.0, 10.0, 10.0, 10.0, 10.0, 10.0, 10.0, 10.0, 10.0, 10.0, 10.0, 10.0, 10.0, 10.0, 10.0, 10.0, 10.0, 10.0, 10.0, 10.0, 10.0, 10.0, 10.0, 50.0, 50.0, 50.0, 40.0, 40.0, 40.0, 40.0, 40.0, 40.0, 40.0, 50.0, 50.0, 50.0, 50.0, 10.0, 10.0, 10.0, 10.0, 10.0, 10.0, 10.0, 10.0, 10.0, 10.0, 50.0, 50.0, 50.0, 40.0, 40.0, 40.0, 40.0, 40.0, 40.0, 40.0, 50.0, 50.0, 50.0, 50.0, 10.0, 10.0, 10.0, 10.0, 10.0, 10.0, 10.0, 10.0, 10.0, 10.0, 50.0, 50.0, 50.0, 40.0, 40.0, 40.0, 40.0, 40.0, 40.0, 40.0, 50.0, 50.0, 50.0, 50.0, 10.0, 10.0, 10.0, 10.0, 10.0, 10.0, 10.0, 10.0, 10.0, 10.0, 50.0, 50.0, 50.0, 40.0, 40.0, 40.0, 40.0, 40.0, 40.0, 40.0, 50.0, 50.0, 50.0, 50.0, 10.0, 10.0, 10.0, 10.0, 10.0, 10.0, 10.0, 10.0, 10.0, 10.0, 50.0, 50.0, 50.0, 40.0, 40.0, 40.0, 40.0, 40.0, 40.0, 40.0, 50.0, 50.0, 50.0, 50.0, 10.0, 10.0, 10.0];