// Instance de test realiste

// Caracteristique de la Turbine-Pompe, puissance en MW
P_T_min : 200.0;
P_T_max : 300.0;
P_P_min : -150.0;
P_P_max : -200.0;
alpha_T : 4.41;
alpha_P : 5.444444444444445;
c_AT : -1000.0;
c_TA : -1000.0;
c_AP : -1000.0;
c_PA : -1000.0;

// Caracteristique des reservoirs, distance en m
Hauteur : 100.0;
Longeur : 1000.0;
Largeur : 1000.0;
H_0_sup : 0.0;
H_0_inf : 100.0;
Delta_H : 500.0;

// Prix horaire de l'electricite en €/MWh
c_t : [24.603231028536246, 25.328719859181774, 25.40188457182464, 21.819147465751254, 28.58881775867332, 17.78614948761952, 21.836595991824996, 21.60112474086722, 39.82588142570842, 48.074917190066564, 37.49874494140687, 31.929703202918137, 39.47400202739983, 37.44895153316066, 43.39571558819357, 34.37856219607209, 32.06217776466014, 38.191019763897046, 32.348974495034284, 30.947317212755667, 36.57499180617615, 16.98374483056174, 11.505907721138236, 26.85999979093316, 13.149673415016071, 21.341631167390226, 12.439187429038066, 24.12626463709197, 12.447671659397336, 13.594455712647594, 25.633592682138296, 27.670139564000753, 37.51823176072529, 36.072535664741245, 47.976619956987655, 46.55377680193784, 33.85039200062941, 38.42954526215268, 46.81061797119288, 31.67133456466282, 32.31371867444688, 33.44870132692421, 32.17059794834253, 48.26076208076592, 41.81699943189534, 11.213303028621349, 10.023268046598242, 16.67892523473258, 33.768029831187576, 23.182764013673932, 33.639248275991875, 38.10816339975693, 28.79652186406247, 37.50042662470737, 27.671834754543227, 56.42004521787106, 65.41217032784927, 59.53922661414181, 55.12311945629621, 41.82185958329095, 44.87518744463008, 69.35427949439588, 41.112047949892066, 46.797045268616976, 50.62061280000719, 84.2854162533379, 54.71811499506925, 89.3814690621096, 64.19194228902484, 16.971130435664882, 19.32421989350114, 19.271861815758793, 34.42391880490972, 35.36774357212295, 23.11679787259866, 21.44655272537442, 26.392605260575195, 27.745956795869777, 29.135058469916622, 77.73097347438507, 74.22312912323045, 85.77859791686004, 53.65375981533406, 65.25435873027607, 55.97722785744491, 64.49326147366625, 63.48832822384502, 65.63512250877221, 67.48212218108219, 55.692175093320685, 52.61256699851542, 85.81443570720444, 72.33859134199571, 19.15418089079584, 22.572776193081527, 13.967760055900857, 21.585842070918094, 26.970436892209882, 32.07242888208193, 30.01841483226065, 23.770655916098697, 33.97838346965635, 36.081911226243804, 52.584995087308656, 53.646834144922, 81.17523794469287, 59.980537701460264, 40.89033629554738, 64.52778278229887, 60.90247363509696, 42.71580683610026, 43.075816536915596, 56.11321301730904, 84.46132607678985, 60.0315456929241, 79.55021934687413, 63.23248011678152, 22.338049626172765, 15.88849442422855, 10.999288854594075, 29.504644153383854, 21.386269013228855, 28.032687595068147, 32.74446634957895, 20.391873884782793, 29.24951721172391, 36.87390985187078, 67.34037591261199, 63.09192155457039, 55.77490130824708, 55.82044642431512, 52.7110459839848, 48.88315088310789, 48.73907280531185, 40.22907498941591, 64.09210288431353, 45.15180155429924, 52.937065418274685, 54.20391082761202, 79.35360930905239, 59.03926013326388, 27.46106678690577, 11.455589120518335, 17.285742990311938, 21.66704818300513, 29.998125475623567, 34.48689674151842, 23.71911284812586, 22.974776012489585, 21.737581656002625, 21.13294194235447, 54.879157555381504, 66.57544330229153, 69.8114064484272, 60.35300282624634, 68.89312587250978, 67.16270343214322, 58.31114034144103, 63.74291585222872, 66.93745647247066, 44.83404481517333, 84.63482187991022, 72.4350939525471, 86.7950401766619, 67.72134073040874, 24.012542449142533, 19.192835430142487, 26.724011222713912];

// Prix horaire de la regulation en €/MWh
r_t : [10.0, 10.0, 10.0, 10.0, 10.0, 10.0, 10.0, 10.0, 10.0, 10.0, 10.0, 10.0, 10.0, 10.0, 10.0, 10.0, 10.0, 10.0, 10.0, 10.0, 10.0, 10.0, 10.0, 10.0, 10.0, 10.0, 10.0, 10.0, 10.0, 10.0, 10.0, 10.0, 10.0, 10.0, 10.0, 10.0, 10.0, 10.0, 10.0, 10.0, 10.0, 10.0, 10.0, 10.0, 10.0, 10.0, 10.0, 10.0, 10.0, 10.0, 10.0, 10.0, 10.0, 10.0, 10.0, 50.0, 50.0, 50.0, 40.0, 40.0, 40.0, 40.0, 40.0, 40.0, 40.0, 50.0, 50.0, 50.0, 50.0, 10.0, 10.0, 10.0, 10.0, 10.0, 10.0, 10.0, 10.0, 10.0, 10.0, 50.0, 50.0, 50.0, 40.0, 40.0, 40.0, 40.0, 40.0, 40.0, 40.0, 50.0, 50.0, 50.0, 50.0, 10.0, 10.0, 10.0, 10.0, 10.0, 10.0, 10.0, 10.0, 10.0, 10.0, 50.0, 50.0, 50.0, 40.0, 40.0, 40.0, 40.0, 40.0, 40.0, 40.0, 50.0, 50.0, 50.0, 50.0, 10.0, 10.0, 10.0, 10.0, 10.0, 10.0, 10.0, 10.0, 10.0, 10.0, 50.0, 50.0, 50.0, 40.0, 40.0, 40.0, 40.0, 40.0, 40.0, 40.0, 50.0, 50.0, 50.0, 50.0, 10.0, 10.0, 10.0, 10.0, 10.0, 10.0, 10.0, 10.0, 10.0, 10.0, 50.0, 50.0, 50.0, 40.0, 40.0, 40.0, 40.0, 40.0, 40.0, 40.0, 50.0, 50.0, 50.0, 50.0, 10.0, 10.0, 10.0];