// Instance de test realiste

// Caracteristique de la Turbine-Pompe, puissance en MW
P_T_min : 200.0;
P_T_max : 300.0;
P_P_min : -150.0;
P_P_max : -200.0;
alpha_T : 4.41;
alpha_P : 5.444444444444445;
c_AT : -1000.0;
c_TA : -1000.0;
c_AP : -1000.0;
c_PA : -1000.0;

// Caracteristique des reservoirs, distance en m
Hauteur : 100.0;
Longeur : 1000.0;
Largeur : 1000.0;
H_0_sup : 0.0;
H_0_inf : 100.0;
Delta_H : 500.0;

// Prix horaire de l'electricite en ?/MWh
c_t : [24.612189205756742, 28.374280277110202, 28.372142379817316, 23.591143275633193, 11.567755490051098, 10.496271208708368, 23.985033869506402, 26.098739286610694, 33.02464204268348, 48.491620844727485, 45.27670851857769, 30.067614177891887, 44.7284636975783, 49.12440194299577, 46.4729819087279, 33.77365936176966, 36.5219755204153, 45.03096824556124, 35.60839070412782, 34.60227745382736, 46.15247152333559, 25.184251492134976, 25.627530058079593, 27.861689443459902, 20.480933720356195, 11.028395850499441, 16.93629894382554, 19.604284312827506, 28.131629878682137, 21.40934036323648, 21.154645037709297, 21.435141262997863, 47.952892047549845, 34.290242453677145, 36.46691802958215, 32.96262964777705, 43.616822198725586, 48.728911393073446, 41.2354929933693, 35.84677720935913, 46.26773046433392, 36.707710171217926, 44.437833551814855, 42.32687179776655, 44.33611567052361, 11.144658823862324, 19.006713546276714, 20.660555836477034, 32.46704608330282, 33.77775549614568, 37.297836633654164, 30.082433619527293, 29.968823450465507, 34.60281561323113, 36.6786327657725, 67.38203732589987, 56.539685918049656, 76.31681109354619, 51.43979339006067, 53.64790739213498, 64.8678988108656, 41.78459680291939, 65.11681278810886, 53.09416536597169, 55.4107188318413, 62.17325191587507, 75.49310612092316, 78.65476089752498, 65.01737378289442, 14.979057136313028, 24.73416516598813, 23.53489262073352, 36.095337804847546, 20.486858296287302, 28.9815791763408, 20.331246933425085, 24.94245973417305, 20.85867083166979, 22.964441130331373, 81.33655087388536, 54.3026837051681, 89.19672090506998, 60.269746367247194, 54.727083727619274, 62.99853940565692, 58.99819147505049, 54.61111532776131, 68.12133580657778, 60.67916240381395, 59.898935485738455, 71.57923406373743, 76.52219402826897, 83.80075664542306, 11.95609731205882, 23.461669626229927, 16.702233681483623, 23.446195177713555, 37.50690265901168, 35.43998615795958, 34.682504690267464, 32.413188646419016, 33.74191396115155, 26.08051299215053, 67.21039333309766, 65.21314524613665, 61.65652673414948, 67.96945326861542, 60.517176028302394, 48.15259864151624, 55.774041391162996, 63.06483158922866, 57.490181048369266, 67.22665326962723, 80.09160768906747, 69.85439686874975, 87.52383690642135, 56.523423838326025, 20.900817870329035, 10.489291008983804, 29.92248938540318, 33.91049246348847, 35.50964365308453, 31.286030115863063, 32.10818266924508, 34.73811598133115, 34.243893582472396, 20.168730959170244, 52.66478167528142, 56.12168923860607, 79.8370461358422, 48.51493451592084, 56.15417508626719, 64.24535882724327, 66.23600440112665, 67.29231260095, 55.955806941388104, 58.12888374411983, 55.53246792322322, 63.479545423488716, 78.89691569018441, 56.9739631936114, 25.661682526422233, 25.419514926816152, 10.782307213661381, 22.006266199092586, 20.931848570606995, 21.763621129386156, 34.90215072766655, 33.995559051748884, 22.2627643885463, 22.883470702514707, 50.69584036380634, 85.15655643453864, 88.48374444244749, 47.23155491697444, 50.58384533708265, 48.5501173797028, 56.43430812323558, 63.19358872571471, 69.41533679402652, 40.24960725994539, 89.6648917368505, 54.074236193923475, 63.812068726546585, 65.23954153874664, 14.821025364253588, 20.494249673712826, 22.804869059333985];

// Prix horaire de la regulation en ?/MWh
r_t : [10.0, 10.0, 10.0, 10.0, 10.0, 10.0, 10.0, 10.0, 10.0, 10.0, 10.0, 10.0, 10.0, 10.0, 10.0, 10.0, 10.0, 10.0, 10.0, 10.0, 10.0, 10.0, 10.0, 10.0, 10.0, 10.0, 10.0, 10.0, 10.0, 10.0, 10.0, 10.0, 10.0, 10.0, 10.0, 10.0, 10.0, 10.0, 10.0, 10.0, 10.0, 10.0, 10.0, 10.0, 10.0, 10.0, 10.0, 10.0, 10.0, 10.0, 10.0, 10.0, 10.0, 10.0, 10.0, 50.0, 50.0, 50.0, 40.0, 40.0, 40.0, 40.0, 40.0, 40.0, 40.0, 50.0, 50.0, 50.0, 50.0, 10.0, 10.0, 10.0, 10.0, 10.0, 10.0, 10.0, 10.0, 10.0, 10.0, 50.0, 50.0, 50.0, 40.0, 40.0, 40.0, 40.0, 40.0, 40.0, 40.0, 50.0, 50.0, 50.0, 50.0, 10.0, 10.0, 10.0, 10.0, 10.0, 10.0, 10.0, 10.0, 10.0, 10.0, 50.0, 50.0, 50.0, 40.0, 40.0, 40.0, 40.0, 40.0, 40.0, 40.0, 50.0, 50.0, 50.0, 50.0, 10.0, 10.0, 10.0, 10.0, 10.0, 10.0, 10.0, 10.0, 10.0, 10.0, 50.0, 50.0, 50.0, 40.0, 40.0, 40.0, 40.0, 40.0, 40.0, 40.0, 50.0, 50.0, 50.0, 50.0, 10.0, 10.0, 10.0, 10.0, 10.0, 10.0, 10.0, 10.0, 10.0, 10.0, 50.0, 50.0, 50.0, 40.0, 40.0, 40.0, 40.0, 40.0, 40.0, 40.0, 50.0, 50.0, 50.0, 50.0, 10.0, 10.0, 10.0];